66935 378 60
67314 325 61
67640 1305 60
68945 680 60
69626 359 60
70031 254 58
70286 269 60
70556 309 63
70866 1232 65
72098 742 68
72841 650 67
73491 325 69
73816 463 68
74280 1137 69
75418 603 68
76021 232 67
76254 2228 63
78482 488 70
78970 325 63
79295 620 55
80395 200 60
80595 640 65
81235 2333 60
83569 161 68
83731 325 65
84056 301 68
84357 338 60
84695 219 70
84915 301 68
85216 255 69
85472 835 68
86308 1021 56
87330 533 53
87864 510 56
88375 347 60
88722 302 62
89025 209 75
89234 440 62
89674 464 74
90140 510 64
90651 1045 75
91696 869 63
92566 244 65
92810 115 67
92926 115 70
93042 2321 69
95364 402 80
95766 410 77
96177 579 75
96781 208 79
96990 185 77
97176 3646 75
116916 367 58
117283 139 57
117422 163 58
117632 463 60
118119 488 63
118654 858 65
119513 209 67
119722 556 69
120279 301 67
120581 231 62
120813 322 63
121135 328 65
121464 139 67
121603 557 69
122160 435 68
122595 450 68
123045 270 58
123316 1039 58
124726 639 60
125365 80 63
125445 190 63
125635 424 65
126108 487 68
126618 457 63
127076 1052 63
128128 517 65
128645 411 56
129057 1229 60
130286 627 63
130914 324 60
131239 1215 58
132784 960 60
133745 372 63
134188 278 60
134467 232 58
134745 469 58
135215 1020 56
136235 419 58
136655 620 58
137276 377 60
137654 782 65
138436 464 63
138902 185 65
139134 556 63
140714 609 65
141323 1014 65
142338 254 63
142593 720 65
143314 278 63
143639 1136 53
144776 277 56
145053 520 56
145573 1069 56
146643 431 58
147074 347 55
147422 302 53
148553 369 65
148922 497 65
149420 181 63
149602 794 65
150396 626 63
151022 698 65
151721 1135 60
152857 440 65
153297 417 60
153716 371 68
154088 184 65
154272 259 63
154532 1784 63
156661 1465 68
158127 209 72
158336 165 63
158502 439 63
158941 650 68
159591 1857 56
161448 278 63
161727 371 60
162098 602 56
162702 1608 55
164769 371 56
165186 203 56
165395 557 56
165953 510 65
166464 302 63
166766 1625 60
168391 278 63
168669 839 65
169508 623 65
170132 510 60
170643 715 63
171619 1009 63
172629 452 68
173081 348 70
173430 161 68
173592 185 63
173778 1950 63
175729 626 56
176356 162 58
176565 464 60
177029 419 63
177448 764 63
178213 696 64
178909 1498 63
180779 569 65
181348 603 63
181952 486 65
182439 417 66
182856 1672 65
184529 163 68
184715 325 63
185040 324 65
185365 695 64
186060 116 65
186178 1067 64
187245 627 65
187872 326 60
188198 440 60
188639 371 60
189010 298 58
189311 277 60
189589 513 63
190102 185 65
190288 952 63
191240 1346 68
211028 226 56
211255 353 58
211608 366 60
211974 534 63
212509 881 65
213391 208 67
213599 185 69
213785 441 67
214227 347 68
214598 742 65
215342 232 67
215574 788 69
216364 484 68
216848 290 58
217139 1020 60
218538 727 60
219266 278 63
219544 104 65
219648 407 65
220056 492 68
220548 226 65
220775 627 63
221402 1277 64
222679 254 56
222934 510 60
223445 603 62
224048 720 63
224769 324 60
225093 1085 58
226579 1092 60
227671 346 63
228019 441 60
228460 216 58
228717 394 58
229134 1003 68
230138 505 58
230643 929 60
231572 615 65
232188 290 65
232478 529 63
233007 1180 63
234578 755 65
235333 859 65
236193 278 63
236518 325 68
236843 534 65
237378 59 63
237438 195 56
237633 162 60
237795 975 53
238770 136 56
238907 539 56
239446 647 56
240094 442 63
240536 1679 58
242636 329 65
242967 261 65
243275 232 63
243531 435 65
243967 515 65
244482 255 63
244738 905 65
245643 905 60
246548 667 63
247217 283 60
247525 278 63
247803 208 68
248011 278 66
248291 1740 63
250467 1558 68
252026 700 72
252726 390 68
253116 1279 68
254395 722 68
255118 719 63
255837 567 56
256405 1058 56
257464 620 56
258473 389 56
258863 300 56
259163 645 56
259808 487 65
260295 324 63
260620 1501 60
262121 519 60
262641 1230 65
263871 199 60
264071 427 60
264498 553 63
265281 1237 63
266519 992 68
267511 2002 63
269514 746 56
270260 228 58
270489 488 60
270977 232 63
271209 231 65
271441 765 75
272207 417 64
272625 185 75
272810 603 64
273415 945 55
274670 509 65
275180 486 63
275667 2392 65
278059 209 65
278269 229 68
278498 2207 65
280706 1371 53
282078 810 53
282889 277 58
283166 348 60
283516 1370 63
284886 1299 56
287741 697 63
288485 928 68
289436 1810 63
291247 672 56
291920 604 60
292524 325 75
292850 278 77
293129 510 75
293640 277 64
293917 1230 63
295768 309 56
296078 394 65
296472 394 63
296867 579 65
297447 672 66
298120 846 65
298967 250 65
299217 389 68
299606 279 63
299885 627 64
300513 302 63
300815 602 60
301417 348 58
301767 408 60
302176 890 63
303113 2472 56
306177 673 63
306852 952 68
307804 1763 63
309567 534 56
310102 208 58
310310 185 60
310496 558 60
311055 301 65
311403 2172 63
314072 627 65
314699 95 63
314795 299 61
315094 998 65
316093 394 66
316488 816 65
317305 209 65
317515 528 65
318043 3360 64
321411 602 58
322014 199 60
322214 959 63
323173 2220 68
326170 209 65
326380 765 63
327145 720 69
327866 277 68
328143 1440 64
329583 302 75
329885 1695 63
331581 591 65
332172 7001 68