21615 289 72
21910 583 72
22497 289 74
22792 288 72
23380 289 69
23675 288 67
23968 289 65
24262 289 67
24557 288 67
24851 289 62
25144 289 60
26321 288 62
26615 583 62
27204 288 60
27497 288 62
28086 288 62
28380 288 60
28673 289 72
28968 288 74
29262 288 72
29556 289 69
29850 583 67
31027 583 69
31614 289 67
31909 288 69
32203 289 72
32791 288 69
33085 289 72
33379 436 67
33820 436 67
34261 289 69
34556 288 65
34850 289 62
35732 289 60
36026 289 62
36320 288 72
36614 289 69
36908 289 67
37203 288 67
37790 289 62
38085 877 65
40364 288 72
40658 583 72
41246 288 74
41540 289 72
42129 288 69
42422 289 67
42716 289 65
43011 583 67
43598 289 62
43893 288 60
45069 289 62
45363 583 62
45952 289 60
46245 289 62
46834 289 62
47128 289 60
47422 288 72
47716 289 74
48010 289 72
48305 288 69
48598 583 67
49774 583 69
50363 289 67
50657 289 69
50952 288 72
51539 289 69
51834 288 72
52128 289 67
52421 289 67
52716 288 67
53010 289 69
53304 289 65
53598 288 62
54481 288 60
54774 289 62
55068 289 72
55363 288 69
55657 289 67
56539 289 69
56833 289 72
57128 288 69
57421 289 67
57715 289 62
58010 1465 65
60951 289 72
61244 289 74
61539 288 77
61833 288 79
62127 289 77
62421 288 74
62715 288 72
63304 288 72
63597 288 74
63891 289 69
64186 288 72
64480 288 77
64773 289 74
65068 582 72
66244 288 74
66538 289 74
66832 289 74
67127 288 72
67420 583 74
68009 583 77
68596 289 72
68891 288 74
69185 289 72
69479 289 69
69773 583 67
70950 289 69
71243 289 69
71538 288 69
71832 289 67
72126 583 69
72714 583 72
73303 288 67
73596 289 67
73890 289 67
74185 288 64
74479 583 62
75655 289 67
75950 288 67
76243 289 67
76537 289 69
76832 288 74
77126 289 77
77419 289 77
77714 288 74
78008 289 72
78302 878 72
79772 289 72
80066 289 74
80361 288 77
80655 289 79
80948 289 77
81243 288 74
81537 289 72
82126 288 72
82419 289 74
82713 289 69
83008 288 72
83302 289 77
83595 289 74
83890 583 72
85066 289 74
85360 289 74
85655 288 74
85948 289 72
86242 583 74
86831 583 77
87419 288 72
87713 289 74
88007 289 72
88302 288 69
88595 583 67
89771 289 69
90066 288 69
90360 289 69
90654 289 67
90948 582 69
91536 583 72
92125 288 67
92418 289 67
92713 288 67
93007 288 64
93301 583 62
94478 288 60
94771 288 62
95065 289 72
95359 289 69
95654 877 67
96536 288 69
96830 289 72
97123 289 72
97418 288 60
97712 289 67
98006 1171 65
120431 289 72
120724 583 72
121313 289 74
121607 289 72
122195 289 69
122489 289 67
122784 288 65
123078 583 67
123666 288 62
123960 289 60
125136 289 62
125431 583 62
126018 289 60
126313 288 62
126901 289 62
127195 288 60
127489 289 72
127783 289 74
128078 288 72
128371 289 69
128665 583 67
129842 583 69
130430 289 67
130724 288 69
131018 289 72
131607 288 69
131901 289 72
132194 289 67
132489 288 67
132783 289 67
133077 289 69
133371 288 65
133665 289 62
134547 289 60
134841 289 62
135136 288 72
135430 289 69
135723 289 67
136606 289 69
136901 288 72
137194 289 69
137488 289 67
137783 288 62
138077 1465 65
141017 289 72
141312 288 74
141606 289 77
141900 289 79
142194 288 77
142488 288 74
142782 289 72
143370 288 72
143664 289 74
143959 288 69
144253 288 72
144546 289 77
144841 288 74
145135 583 72
146311 289 74
146605 289 74
146900 288 74
147193 289 72
147487 583 74
148076 583 77
148664 288 72
148958 289 74
149252 289 72
149546 288 69
149840 583 67
151016 289 69
151311 288 69
151605 289 69
151898 289 67
152193 583 69
152781 583 72
153369 289 67
153663 289 67
153958 288 67
154252 289 64
154545 583 62
155722 288 67
156016 289 67
156310 289 67
156605 288 69
156898 289 74
157192 289 77
157487 288 77
157781 289 74
158074 289 72
158369 877 72
159839 289 72
160134 288 74
160428 289 77
160721 289 79
161016 288 77
161310 289 74
161604 289 72
162192 289 72
162486 289 74
162781 288 69
163074 289 72
163368 289 77
163663 288 74
163957 583 72
165133 289 74
165428 288 74
165721 289 74
166015 289 72
166310 583 74
166897 583 77
167486 289 72
167780 289 74
168074 288 72
168368 289 69
168662 583 67
169839 288 69
170133 289 69
170427 289 69
170721 288 67
171015 583 69
171604 582 72
172191 289 67
172486 288 67
172780 288 67
173073 289 64
173368 582 62
174544 288 60
174838 289 62
175132 289 72
175427 288 69
175720 877 67
176603 289 69
176896 289 72
177191 288 72
177485 289 60
177779 289 67
178073 1170 65
179838 288 72
180132 289 74
180426 289 77
180720 288 79
181014 289 77
181308 289 74
181603 288 72
182190 289 72
182485 288 74
182779 289 69
183072 289 72
183367 288 77
183661 289 74
183955 583 72
185132 288 74
185426 289 74
185719 289 74
186014 288 72
186308 583 74
186896 583 77
187484 289 72
187779 288 74
188072 289 72
188366 289 69
188661 583 67
189837 289 69
190131 289 69
190426 288 69
190719 289 67
191013 583 69
191602 583 72
192190 288 67
192484 289 67
192778 289 67
193072 288 64
193366 583 62
194542 289 67
194837 288 67
195131 289 67
195425 289 69
195719 288 74
196013 289 77
196307 289 77
196602 288 74
196895 289 72
197189 878 72
198660 289 72
198954 289 74
199248 288 77
199542 289 79
199836 289 77
200131 288 74
200425 288 72
201013 288 72
201307 288 74
201601 289 69
201895 288 72
202189 288 77
202483 289 74
202778 582 72
203954 288 74
204247 289 74
204541 289 74
204836 288 72
205130 583 74
205718 583 77
206306 289 72
206601 288 74
206894 289 72
207188 289 69
207483 583 67
208659 289 69
208953 289 69
209247 288 69
209541 289 67
209835 583 69
210423 583 72
211012 288 67
211306 289 67
211599 289 67
211894 288 64
212188 583 62
213364 289 60
213659 288 62
213953 289 72
214246 289 69
214541 877 67
215423 288 69
215717 289 72
216011 289 72
216306 288 60
216599 289 67
216893 878 65
218070 288 60
218364 289 62
218658 289 72
218953 288 69
219246 1171 67
220422 1760 79
222187 583 81
222776 583 74
223952 583 79
224540 2347 77
227481 4701 77